      150.000      146.667      143.334      140.000      136.667      133.334
      130.000      126.667      123.334      120.000      116.667      113.334
      110.000      106.667      103.334      100.000
     -80.0000     -75.0000     -70.0000     -65.0000     -60.0000     -55.0000
     -50.0000     -45.0000     -40.0000     -35.0000     -30.0000     -25.0000
     -20.0000     -15.0000     -10.0000     -5.00000      0.00000      5.00000
      10.0000      15.0000      20.0000      25.0000      30.0000      35.0000
      40.0000      45.0000      50.0000      55.0000      60.0000      65.0000
      70.0000      75.0000      80.0000
  2.16379e+07  2.26460e+07  2.27435e+07  2.17349e+07  2.03985e+07  1.88072e+07
  1.76798e+07  1.68091e+07  1.63078e+07  1.61075e+07  1.62367e+07  1.64703e+07
  1.67779e+07  1.71024e+07  1.73250e+07  1.74166e+07  1.71814e+07  1.70461e+07
  1.71712e+07  1.70191e+07  1.68344e+07  1.70114e+07  1.71321e+07  1.75540e+07
  1.83162e+07  1.94160e+07  2.07922e+07  2.21677e+07  2.38182e+07  2.46596e+07
  2.48882e+07  2.36080e+07  2.18562e+07
  2.39593e+07  2.57135e+07  2.60088e+07  2.48216e+07  2.31919e+07  2.13226e+07
  1.98567e+07  1.89203e+07  1.82505e+07  1.80315e+07  1.81329e+07  1.84482e+07
  1.87060e+07  1.90396e+07  1.93040e+07  1.94090e+07  1.91540e+07  1.89958e+07
  1.92149e+07  1.89561e+07  1.88211e+07  1.88776e+07  1.90622e+07  1.95511e+07
  2.04917e+07  2.17639e+07  2.32938e+07  2.51547e+07  2.72057e+07  2.82723e+07
  2.83109e+07  2.65353e+07  2.47828e+07
  2.70667e+07  2.94475e+07  2.97463e+07  2.84020e+07  2.64566e+07  2.41291e+07
  2.23422e+07  2.11837e+07  2.04225e+07  2.01909e+07  2.01639e+07  2.04410e+07
  2.07360e+07  2.11646e+07  2.14607e+07  2.13140e+07  2.12527e+07  2.10500e+07
  2.11859e+07  2.09602e+07  2.08502e+07  2.07873e+07  2.10413e+07  2.16424e+07
  2.27765e+07  2.42622e+07  2.62728e+07  2.88448e+07  3.10539e+07  3.26782e+07
  3.22965e+07  3.00199e+07  2.75619e+07
  3.07152e+07  3.35778e+07  3.42030e+07  3.28192e+07  3.01743e+07  2.74887e+07
  2.54492e+07  2.39333e+07  2.29023e+07  2.25731e+07  2.24508e+07  2.25588e+07
  2.29910e+07  2.32658e+07  2.34616e+07  2.33417e+07  2.31970e+07  2.30489e+07
  2.30993e+07  2.30280e+07  2.27555e+07  2.27986e+07  2.32428e+07  2.39637e+07
  2.51655e+07  2.71703e+07  2.98037e+07  3.30802e+07  3.56185e+07  3.75659e+07
  3.72154e+07  3.38942e+07  3.09284e+07
  3.48453e+07  3.88060e+07  3.97436e+07  3.80497e+07  3.46670e+07  3.15097e+07
  2.89047e+07  2.70987e+07  2.57343e+07  2.49507e+07  2.48672e+07  2.48810e+07
  2.52491e+07  2.51506e+07  2.53310e+07  2.52920e+07  2.52698e+07  2.50556e+07
  2.51498e+07  2.51382e+07  2.49604e+07  2.49232e+07  2.54414e+07  2.63506e+07
  2.77968e+07  3.04932e+07  3.39211e+07  3.80218e+07  4.12795e+07  4.35338e+07
  4.27717e+07  3.81960e+07  3.46912e+07
  3.96806e+07  4.45649e+07  4.63283e+07  4.45797e+07  4.06593e+07  3.67155e+07
  3.31320e+07  3.08281e+07  2.91181e+07  2.79561e+07  2.75952e+07  2.73326e+07
  2.72989e+07  2.72596e+07  2.74638e+07  2.74282e+07  2.74539e+07  2.72518e+07
  2.74413e+07  2.74108e+07  2.73859e+07  2.74529e+07  2.78550e+07  2.90665e+07
  3.11082e+07  3.45836e+07  3.90346e+07  4.43678e+07  4.84453e+07  5.11277e+07
  4.96007e+07  4.33777e+07  3.86525e+07
  4.56873e+07  5.17157e+07  5.46467e+07  5.30389e+07  4.84809e+07  4.33452e+07
  3.89063e+07  3.57991e+07  3.34092e+07  3.16886e+07  3.08861e+07  3.03371e+07
  2.98811e+07  3.00231e+07  2.99020e+07  3.00716e+07  3.00689e+07  2.99379e+07
  3.02453e+07  3.02584e+07  3.05878e+07  3.07030e+07  3.13053e+07  3.28192e+07
  3.55066e+07  4.00479e+07  4.59490e+07  5.26851e+07  5.82091e+07  6.09356e+07
  5.84603e+07  4.96592e+07  4.35954e+07
  5.36810e+07  6.13187e+07  6.56831e+07  6.43841e+07  5.89238e+07  5.22485e+07
  4.68437e+07  4.25244e+07  3.93441e+07  3.69552e+07  3.55510e+07  3.45740e+07
  3.40154e+07  3.39579e+07  3.36227e+07  3.39806e+07  3.42364e+07  3.42882e+07
  3.48089e+07  3.49151e+07  3.54498e+07  3.58666e+07  3.66769e+07  3.84700e+07
  4.19723e+07  4.78369e+07  5.54611e+07  6.41527e+07  7.13412e+07  7.42013e+07
  6.97963e+07  5.72952e+07  4.99397e+07
  6.53104e+07  7.45345e+07  8.10045e+07  8.01590e+07  7.34534e+07  6.49400e+07
  5.79416e+07  5.20393e+07  4.78287e+07  4.49152e+07  4.27309e+07  4.12204e+07
  4.05372e+07  4.01319e+07  4.00733e+07  4.04373e+07  4.09582e+07  4.18181e+07
  4.25839e+07  4.30255e+07  4.36234e+07  4.45652e+07  4.56506e+07  4.78060e+07
  5.21917e+07  5.91082e+07  6.87157e+07  8.00224e+07  8.94702e+07  9.29082e+07
  8.53910e+07  6.83796e+07  5.78809e+07
  8.24126e+07  9.37121e+07  1.02495e+08  1.01944e+08  9.33578e+07  8.24922e+07
  7.33036e+07  6.60838e+07  6.05780e+07  5.65113e+07  5.38513e+07  5.18969e+07
  5.08757e+07  5.03810e+07  5.05162e+07  5.10292e+07  5.19348e+07  5.37271e+07
  5.46450e+07  5.58499e+07  5.69472e+07  5.81866e+07  5.96033e+07  6.23385e+07
  6.76095e+07  7.55578e+07  8.73792e+07  1.01822e+08  1.14441e+08  1.18706e+08
  1.07561e+08  8.47016e+07  6.95008e+07
  1.06859e+08  1.20901e+08  1.31931e+08  1.30865e+08  1.19230e+08  1.05361e+08
  9.36334e+07  8.42758e+07  7.72873e+07  7.22787e+07  6.91855e+07  6.70483e+07
  6.56123e+07  6.51446e+07  6.50228e+07  6.60266e+07  6.73800e+07  6.98955e+07
  7.13997e+07  7.29309e+07  7.46800e+07  7.63099e+07  7.83686e+07  8.19182e+07
  8.81769e+07  9.77793e+07  1.12029e+08  1.30336e+08  1.46754e+08  1.52430e+08
  1.36670e+08  1.05822e+08  8.65050e+07
  1.36797e+08  1.53583e+08  1.67036e+08  1.64400e+08  1.48380e+08  1.30687e+08
  1.15316e+08  1.03389e+08  9.49334e+07  8.92771e+07  8.57227e+07  8.32981e+07
  8.15421e+07  8.05483e+07  8.01747e+07  8.09274e+07  8.28376e+07  8.59034e+07
  8.83018e+07  9.03907e+07  9.29015e+07  9.54097e+07  9.83306e+07  1.02818e+08
  1.10192e+08  1.21456e+08  1.38516e+08  1.60778e+08  1.81532e+08  1.90058e+08
  1.69185e+08  1.30503e+08  1.05379e+08
  1.64043e+08  1.82867e+08  1.97216e+08  1.92582e+08  1.72087e+08  1.49931e+08
  1.30815e+08  1.16468e+08  1.06666e+08  1.00056e+08  9.60402e+07  9.31711e+07
  9.09591e+07  8.96052e+07  8.90893e+07  8.92657e+07  9.11809e+07  9.47310e+07
  9.75533e+07  1.00472e+08  1.03707e+08  1.07007e+08  1.10736e+08  1.15808e+08
  1.24190e+08  1.36358e+08  1.55214e+08  1.79958e+08  2.05530e+08  2.18904e+08
  1.94399e+08  1.50848e+08  1.20804e+08
  1.76156e+08  1.94085e+08  2.07295e+08  2.00854e+08  1.76620e+08  1.51958e+08
  1.31129e+08  1.14710e+08  1.03380e+08  9.58385e+07  9.13902e+07  8.86557e+07
  8.69415e+07  8.67141e+07  8.72172e+07  8.80279e+07  8.90798e+07  9.15410e+07
  9.35418e+07  9.54145e+07  9.77203e+07  1.00679e+08  1.05026e+08  1.10942e+08
  1.19995e+08  1.32809e+08  1.51181e+08  1.76217e+08  2.05009e+08  2.23573e+08
  2.00675e+08  1.56610e+08  1.24932e+08
  1.65728e+08  1.80013e+08  1.88361e+08  1.79392e+08  1.55644e+08  1.32450e+08
  1.12846e+08  9.61888e+07  8.40730e+07  7.60460e+07  7.16179e+07  6.97934e+07
  7.03293e+07  7.24610e+07  7.52000e+07  7.67500e+07  7.67705e+07  7.64414e+07
  7.63352e+07  7.56671e+07  7.55791e+07  7.72312e+07  8.14688e+07  8.81042e+07
  9.77534e+07  1.10346e+08  1.27503e+08  1.50832e+08  1.77839e+08  1.98562e+08
  1.80871e+08  1.41188e+08  1.10123e+08
  1.41457e+08  1.49645e+08  1.50343e+08  1.38764e+08  1.19239e+08  1.00208e+08
  8.43259e+07  6.95382e+07  5.81389e+07  5.05343e+07  4.62478e+07  4.56955e+07
  4.75228e+07  5.10819e+07  5.46455e+07  5.58226e+07  5.49750e+07  5.29908e+07
  5.20374e+07  4.99387e+07  4.89396e+07  4.96389e+07  5.29710e+07  5.86417e+07
  6.76234e+07  7.84070e+07  9.35750e+07  1.12875e+08  1.33385e+08  1.49082e+08
  1.35994e+08  1.05439e+08  7.91559e+07
 -5.24751e+06 -6.06987e+06 -7.04639e+06 -7.71204e+06 -7.47565e+06 -6.52199e+06
 -5.77949e+06 -4.68055e+06 -3.50336e+06 -2.38629e+06 -1.80964e+06 -1.23298e+06
     -802252.     -372341.     -233625.     -247102.     -152984.     -378208.
     -602055.     -704482. -1.13087e+06 -1.55395e+06 -2.00518e+06 -2.55036e+06
 -3.40617e+06 -3.91873e+06 -4.90298e+06 -5.47859e+06 -5.89583e+06 -5.70669e+06
 -5.06925e+06 -3.95538e+06 -2.95333e+06
 -6.03890e+06 -7.09210e+06 -8.22295e+06 -8.94629e+06 -8.77268e+06 -7.65082e+06
 -6.76881e+06 -5.48208e+06 -4.19828e+06 -3.02725e+06 -2.11634e+06 -1.49832e+06
     -920286.     -590981.     -373687.     -190411.     -239285.     -381577.
     -654328.     -843800. -1.36842e+06 -1.72912e+06 -2.46188e+06 -3.16652e+06
 -4.18451e+06 -4.78971e+06 -5.81786e+06 -6.58894e+06 -7.02378e+06 -6.81899e+06
 -5.93271e+06 -4.50776e+06 -3.68783e+06
 -6.96946e+06 -8.25004e+06 -9.57432e+06 -1.05164e+07 -1.01324e+07 -9.11466e+06
 -7.90562e+06 -6.48848e+06 -4.94504e+06 -3.63691e+06 -2.52772e+06 -1.80809e+06
 -1.10916e+06     -633211.     -415174.     -253677.     -307635.     -407807.
     -769923. -1.15221e+06 -1.60975e+06 -2.17016e+06 -2.87124e+06 -3.79441e+06
 -4.83939e+06 -5.88180e+06 -7.13679e+06 -8.11562e+06 -8.56049e+06 -8.10993e+06
 -6.87646e+06 -5.30658e+06 -4.39638e+06
 -8.04613e+06 -9.64970e+06 -1.09464e+07 -1.20434e+07 -1.14682e+07 -1.08925e+07
 -9.49470e+06 -7.82116e+06 -6.03092e+06 -4.45459e+06 -3.06120e+06 -2.22395e+06
 -1.43392e+06     -740196.     -599572.     -432156.     -419471.     -706885.
 -1.03281e+06 -1.43962e+06 -1.89717e+06 -2.74182e+06 -3.53240e+06 -4.44286e+06
 -5.66286e+06 -7.22603e+06 -8.84766e+06 -1.00557e+07 -1.03666e+07 -9.51602e+06
 -8.07386e+06 -5.99769e+06 -5.22129e+06
 -9.12952e+06 -1.11533e+07 -1.22947e+07 -1.37753e+07 -1.33641e+07 -1.26157e+07
 -1.12751e+07 -9.37826e+06 -7.34443e+06 -5.45004e+06 -3.87862e+06 -2.74875e+06
 -1.78683e+06 -1.14196e+06     -984781.     -706063.     -649639. -1.01672e+06
 -1.41959e+06 -1.88039e+06 -2.19305e+06 -3.24719e+06 -4.21468e+06 -5.24378e+06
 -6.83314e+06 -8.95040e+06 -1.10250e+07 -1.23908e+07 -1.25700e+07 -1.14013e+07
 -9.30124e+06 -7.03251e+06 -5.67998e+06
 -1.05607e+07 -1.22618e+07 -1.40911e+07 -1.60509e+07 -1.59382e+07 -1.47832e+07
 -1.34269e+07 -1.13818e+07 -9.20897e+06 -6.72266e+06 -5.08491e+06 -3.51219e+06
 -2.32756e+06 -1.80669e+06 -1.51453e+06 -1.08078e+06 -1.05135e+06 -1.52370e+06
 -1.80552e+06 -2.31451e+06 -2.73601e+06 -3.95991e+06 -4.99531e+06 -6.45070e+06
 -8.42563e+06 -1.12389e+07 -1.37410e+07 -1.55132e+07 -1.52815e+07 -1.36214e+07
 -1.08947e+07 -8.47525e+06 -5.98998e+06
 -1.15136e+07 -1.34406e+07 -1.62832e+07 -1.83112e+07 -1.86888e+07 -1.79338e+07
 -1.62743e+07 -1.40775e+07 -1.16325e+07 -8.55688e+06 -6.47325e+06 -4.54066e+06
 -3.25479e+06 -2.62736e+06 -2.06772e+06 -1.62149e+06 -1.69627e+06 -2.00341e+06
 -2.41399e+06 -2.96715e+06 -3.66347e+06 -4.87829e+06 -5.97852e+06 -7.89450e+06
 -1.06069e+07 -1.41283e+07 -1.70928e+07 -1.93893e+07 -1.89494e+07 -1.64599e+07
 -1.30156e+07 -1.00749e+07 -7.01784e+06
 -1.27820e+07 -1.54678e+07 -1.83990e+07 -2.12700e+07 -2.22476e+07 -2.16440e+07
 -1.99398e+07 -1.73744e+07 -1.43873e+07 -1.11081e+07 -8.38278e+06 -6.09802e+06
 -4.64348e+06 -3.39679e+06 -2.78198e+06 -2.36748e+06 -2.46479e+06 -2.68116e+06
 -3.18962e+06 -3.83393e+06 -4.77342e+06 -5.78198e+06 -7.38910e+06 -9.41415e+06
 -1.31758e+07 -1.75727e+07 -2.15545e+07 -2.43216e+07 -2.38492e+07 -2.05990e+07
 -1.59133e+07 -1.18765e+07 -8.29196e+06
 -1.49905e+07 -1.80851e+07 -2.11321e+07 -2.54345e+07 -2.70318e+07 -2.66445e+07
 -2.45199e+07 -2.13336e+07 -1.78369e+07 -1.41098e+07 -1.07755e+07 -8.00765e+06
 -6.11154e+06 -4.46720e+06 -3.70603e+06 -3.25294e+06 -3.30334e+06 -3.82755e+06
 -4.40134e+06 -5.04352e+06 -5.92019e+06 -7.22266e+06 -9.09653e+06 -1.17962e+07
 -1.60388e+07 -2.14188e+07 -2.67015e+07 -3.05730e+07 -3.05841e+07 -2.66301e+07
 -2.03398e+07 -1.45939e+07 -1.00129e+07
 -1.83168e+07 -2.22191e+07 -2.55585e+07 -3.14062e+07 -3.36192e+07 -3.32634e+07
 -2.99773e+07 -2.61470e+07 -2.19476e+07 -1.70234e+07 -1.31822e+07 -9.84955e+06
 -7.53450e+06 -6.07138e+06 -4.92684e+06 -4.35217e+06 -4.33683e+06 -4.87842e+06
 -5.46399e+06 -6.11517e+06 -7.13039e+06 -8.79049e+06 -1.10221e+07 -1.49030e+07
 -1.95826e+07 -2.59042e+07 -3.23564e+07 -3.77767e+07 -3.93543e+07 -3.49208e+07
 -2.70729e+07 -1.94413e+07 -1.31612e+07
 -2.37745e+07 -2.79203e+07 -3.29099e+07 -4.00097e+07 -4.21280e+07 -4.05555e+07
 -3.61758e+07 -3.08987e+07 -2.56671e+07 -1.95408e+07 -1.52248e+07 -1.14373e+07
 -8.85737e+06 -7.30191e+06 -6.24865e+06 -5.47525e+06 -5.32082e+06 -5.69693e+06
 -6.02568e+06 -6.85645e+06 -8.18394e+06 -1.02042e+07 -1.32478e+07 -1.75475e+07
 -2.33445e+07 -3.09656e+07 -3.90916e+07 -4.66271e+07 -5.03075e+07 -4.60156e+07
 -3.60648e+07 -2.68693e+07 -1.76524e+07
 -3.05571e+07 -3.60247e+07 -4.31263e+07 -5.08373e+07 -5.13441e+07 -4.78314e+07
 -4.11907e+07 -3.40865e+07 -2.75901e+07 -2.07480e+07 -1.58814e+07 -1.21763e+07
 -9.70264e+06 -7.79602e+06 -6.92789e+06 -6.37155e+06 -6.15955e+06 -6.19299e+06
 -6.57130e+06 -7.41876e+06 -8.83068e+06 -1.12638e+07 -1.44751e+07 -1.93394e+07
 -2.58486e+07 -3.47621e+07 -4.53147e+07 -5.62681e+07 -6.28497e+07 -5.95621e+07
 -4.68953e+07 -3.55481e+07 -2.29475e+07
 -3.61558e+07 -4.47560e+07 -5.37836e+07 -6.03463e+07 -5.83198e+07 -5.20025e+07
 -4.27812e+07 -3.37348e+07 -2.63854e+07 -1.96383e+07 -1.49457e+07 -1.17941e+07
 -9.50639e+06 -7.83465e+06 -7.17188e+06 -6.70886e+06 -6.23131e+06 -6.24232e+06
 -6.63773e+06 -7.21840e+06 -8.75776e+06 -1.10434e+07 -1.39876e+07 -1.89707e+07
 -2.57036e+07 -3.50607e+07 -4.73507e+07 -6.20383e+07 -7.33917e+07 -7.23998e+07
 -5.74705e+07 -4.23899e+07 -2.74421e+07
 -3.87102e+07 -4.92062e+07 -5.95576e+07 -6.36090e+07 -5.87627e+07 -4.94219e+07
 -3.87213e+07 -2.90844e+07 -2.13821e+07 -1.59806e+07 -1.24239e+07 -1.01221e+07
 -8.46798e+06 -7.31880e+06 -6.85377e+06 -6.21323e+06 -5.66810e+06 -5.68515e+06
 -5.95856e+06 -6.40905e+06 -7.59676e+06 -9.11628e+06 -1.17565e+07 -1.58151e+07
 -2.22048e+07 -3.10382e+07 -4.34531e+07 -5.97795e+07 -7.64155e+07 -7.93425e+07
 -6.34773e+07 -4.46292e+07 -2.83448e+07
 -3.57445e+07 -4.64635e+07 -5.55392e+07 -5.70747e+07 -5.03307e+07 -3.96031e+07
 -2.91181e+07 -2.09539e+07 -1.41673e+07 -1.09023e+07 -8.57830e+06 -7.37073e+06
 -6.61947e+06 -6.29086e+06 -5.83117e+06 -5.70326e+06 -5.15055e+06 -4.82452e+06
 -4.81621e+06 -5.15425e+06 -5.63992e+06 -6.23423e+06 -7.96097e+06 -1.11547e+07
 -1.67115e+07 -2.40068e+07 -3.49617e+07 -5.03480e+07 -6.86574e+07 -7.51718e+07
 -6.07996e+07 -4.09755e+07 -2.52576e+07
 -2.70975e+07 -3.74319e+07 -4.33048e+07 -4.22770e+07 -3.57298e+07 -2.63014e+07
 -1.82829e+07 -1.22793e+07 -8.12279e+06 -6.21467e+06 -4.95713e+06 -4.65846e+06
 -4.64201e+06 -4.87415e+06 -4.93767e+06 -4.90597e+06 -4.48504e+06 -3.99123e+06
 -3.73059e+06 -3.56280e+06 -3.59655e+06 -3.77207e+06 -4.68047e+06 -6.93880e+06
 -1.11844e+07 -1.60719e+07 -2.44831e+07 -3.69187e+07 -5.23739e+07 -5.85009e+07
 -4.78052e+07 -3.15601e+07 -1.88358e+07

 -3.55072e+06 -4.99987e+06 -6.02945e+06 -6.60782e+06 -6.79887e+06 -6.55612e+06
 -5.85184e+06 -5.10598e+06 -4.22790e+06 -3.33296e+06 -2.70989e+06 -2.01252e+06
 -1.34784e+06     -858926.     -398979.      285539.  1.11606e+06  2.06213e+06
  2.77225e+06  3.37842e+06  3.90307e+06  4.77054e+06  5.35284e+06  5.93357e+06
  6.47150e+06  6.70495e+06  6.34947e+06  5.61590e+06  4.62292e+06  3.66018e+06
  2.57902e+06  1.60380e+06  1.16746e+06
 -4.45383e+06 -5.83058e+06 -6.66414e+06 -7.32569e+06 -7.33624e+06 -7.19735e+06
 -6.48977e+06 -5.64676e+06 -4.68414e+06 -3.74512e+06 -3.11179e+06 -2.40323e+06
 -1.45025e+06     -921302.     -353973.      463077.  1.36781e+06  2.28283e+06
  3.13499e+06  3.85835e+06  4.51666e+06  5.44189e+06  6.14799e+06  6.91492e+06
  7.28851e+06  7.14776e+06  6.46215e+06  5.62107e+06  4.60315e+06  3.21062e+06
  2.38794e+06  1.32132e+06  1.04646e+06
 -4.70834e+06 -6.38213e+06 -6.98383e+06 -7.80499e+06 -7.87309e+06 -7.69530e+06
 -6.93780e+06 -5.95506e+06 -5.13111e+06 -4.22145e+06 -3.47526e+06 -2.44710e+06
 -1.72458e+06 -1.09104e+06     -347058.      504642.  1.60800e+06  2.63589e+06
  3.52625e+06  4.46533e+06  5.26146e+06  6.08424e+06  6.90820e+06  7.74624e+06
  7.95113e+06  7.59800e+06  6.59244e+06  5.27725e+06  3.84309e+06  2.51270e+06
  1.58897e+06      703105.      927493.
 -4.68509e+06 -6.56767e+06 -6.97190e+06 -7.85002e+06 -8.07457e+06 -7.80566e+06
 -7.09518e+06 -6.28607e+06 -5.51038e+06 -4.57482e+06 -3.78209e+06 -2.76081e+06
 -2.04436e+06 -1.09009e+06     -265386.      609069.  1.72391e+06  3.12830e+06
  4.06925e+06  5.08456e+06  5.99773e+06  6.82032e+06  7.71685e+06  8.28118e+06
  8.24515e+06  7.66331e+06  6.26582e+06  4.25000e+06  2.34948e+06      982298.
     -20059.0     -64966.8      613551.
 -4.69749e+06 -6.44030e+06 -6.49708e+06 -7.21265e+06 -7.38584e+06 -7.32556e+06
 -6.85608e+06 -6.33487e+06 -5.60821e+06 -4.77851e+06 -3.95051e+06 -3.10253e+06
 -2.28645e+06 -1.23318e+06     -315501.      604757.  2.00072e+06  3.53725e+06
  4.56446e+06  5.64245e+06  6.56234e+06  7.60477e+06  8.38204e+06  8.63331e+06
  8.45059e+06  7.23908e+06  5.16009e+06  2.47196e+06      320319. -1.44584e+06
 -1.93342e+06 -1.19718e+06      307289.
 -4.49838e+06 -6.26456e+06 -5.79337e+06 -5.82814e+06 -6.04253e+06 -6.50012e+06
 -6.15382e+06 -5.85435e+06 -5.33757e+06 -4.90817e+06 -4.18729e+06 -3.22755e+06
 -2.38849e+06 -1.48579e+06     -493460.      705965.  2.31874e+06  3.91299e+06
  5.22346e+06  6.21151e+06  7.34458e+06  8.49840e+06  8.95104e+06  9.03370e+06
  8.50384e+06  6.45291e+06  3.22050e+06     -136649. -2.72809e+06 -4.73708e+06
 -4.44659e+06 -2.93313e+06     -105684.
 -3.58240e+06 -4.92457e+06 -4.25588e+06 -3.52074e+06 -3.96893e+06 -4.75577e+06
 -4.95364e+06 -5.16626e+06 -4.88780e+06 -4.71702e+06 -4.22348e+06 -3.53010e+06
 -2.51924e+06 -1.62320e+06     -545868.      784476.  2.40629e+06  4.29834e+06
  5.81076e+06  6.88484e+06  8.02550e+06  9.26642e+06  9.59552e+06  9.53876e+06
  8.24742e+06  5.51925e+06  1.02528e+06 -3.58259e+06 -6.81395e+06 -8.87422e+06
 -8.35416e+06 -5.71539e+06 -1.16019e+06
 -1.82625e+06 -2.72806e+06 -1.48254e+06     -303616. -1.17032e+06 -2.48781e+06
 -3.30142e+06 -3.97047e+06 -4.25600e+06 -4.48402e+06 -4.29078e+06 -3.96559e+06
 -2.83877e+06 -1.74283e+06     -613410.      730439.  2.61691e+06  4.67027e+06
  6.43648e+06  7.71550e+06  8.90848e+06  1.02468e+07  1.04554e+07  1.00494e+07
  8.06028e+06  4.47337e+06 -1.47807e+06 -7.89571e+06 -1.20943e+07 -1.41681e+07
 -1.34931e+07 -9.07943e+06 -3.61431e+06
  1.49534e+06      365904.  2.68613e+06  3.62820e+06  2.20632e+06      249844.
 -1.44080e+06 -2.49013e+06 -3.53319e+06 -4.49548e+06 -4.71890e+06 -4.40924e+06
 -3.44317e+06 -2.15073e+06     -788457.      648579.  2.87792e+06  5.43655e+06
  7.07937e+06  8.78438e+06  1.02344e+07  1.13475e+07  1.18273e+07  1.09583e+07
  8.29539e+06  3.43204e+06 -4.42969e+06 -1.29413e+07 -1.86596e+07 -2.17207e+07
 -2.09278e+07 -1.46912e+07 -6.51308e+06
  7.56629e+06  5.66916e+06  8.31305e+06  8.91694e+06  6.67614e+06  3.32797e+06
      612285. -1.08944e+06 -2.94005e+06 -4.54241e+06 -5.13754e+06 -4.96333e+06
 -4.12481e+06 -2.81397e+06 -1.24938e+06      638691.  3.15028e+06  6.07947e+06
  7.93264e+06  9.93198e+06  1.18211e+07  1.29192e+07  1.36221e+07  1.22716e+07
  8.98229e+06  2.31072e+06 -7.34532e+06 -1.82429e+07 -2.63651e+07 -3.16151e+07
 -3.14588e+07 -2.33066e+07 -1.10414e+07
  1.71370e+07  1.42650e+07  1.60241e+07  1.56099e+07  1.16976e+07  6.77915e+06
  3.04291e+06     -112688. -2.92812e+06 -4.68655e+06 -5.59873e+06 -5.34733e+06
 -4.52853e+06 -2.92771e+06 -1.20799e+06      994964.  3.81154e+06  6.82019e+06
  9.03437e+06  1.11220e+07  1.34764e+07  1.52394e+07  1.56908e+07  1.40386e+07
  9.74426e+06  1.38040e+06 -1.04578e+07 -2.36313e+07 -3.42160e+07 -4.23282e+07
 -4.39746e+07 -3.37927e+07 -1.83173e+07
  2.94187e+07  2.56907e+07  2.59295e+07  2.34831e+07  1.78461e+07  1.16859e+07
  5.91061e+06      620697. -2.94274e+06 -5.10464e+06 -5.98777e+06 -5.06859e+06
 -3.75631e+06 -1.67662e+06      407250.  2.59178e+06  5.49188e+06  8.45757e+06
  1.06792e+07  1.30071e+07  1.55646e+07  1.80768e+07  1.84504e+07  1.65134e+07
  1.10626e+07  1.36379e+06 -1.23606e+07 -2.66774e+07 -3.86036e+07 -4.94545e+07
 -5.44441e+07 -4.47325e+07 -2.52879e+07
  4.39849e+07  3.90230e+07  3.70336e+07  3.29162e+07  2.66609e+07  1.88123e+07
  9.95235e+06  2.83214e+06 -2.06133e+06 -5.12005e+06 -5.81062e+06 -4.62119e+06
 -2.53920e+06      5480.09  2.61389e+06  5.20693e+06  8.53370e+06  1.14021e+07
  1.35327e+07  1.57813e+07  1.84296e+07  2.06529e+07  2.10069e+07  1.87434e+07
  1.24425e+07  2.94191e+06 -1.05155e+07 -2.41720e+07 -3.53731e+07 -4.79726e+07
 -5.57188e+07 -5.05960e+07 -2.95703e+07
  5.95039e+07  5.26829e+07  4.88245e+07  4.39172e+07  3.70050e+07  2.78387e+07
  1.65741e+07  7.68895e+06      880994. -3.44198e+06 -4.82744e+06 -4.43620e+06
 -2.57154e+06      277526.  3.51092e+06  7.13564e+06  1.14030e+07  1.42231e+07
  1.58966e+07  1.78734e+07  1.92465e+07  2.01742e+07  2.00236e+07  1.74720e+07
  1.16968e+07  3.82607e+06 -7.39883e+06 -1.85536e+07 -2.81561e+07 -3.89391e+07
 -4.88555e+07 -4.92050e+07 -3.01465e+07
  7.19089e+07  6.57642e+07  5.92290e+07  5.27782e+07  4.53466e+07  3.58667e+07
  2.44927e+07  1.40514e+07  5.94455e+06      669667. -1.97690e+06 -2.82294e+06
 -2.40990e+06     -392324.  2.91901e+06  7.12108e+06  1.15550e+07  1.40395e+07
  1.52400e+07  1.64521e+07  1.65396e+07  1.61170e+07  1.48973e+07  1.21779e+07
  7.30197e+06      934353. -8.03594e+06 -1.69587e+07 -2.45544e+07 -3.28888e+07
 -4.34348e+07 -4.60278e+07 -2.79150e+07
  7.31755e+07  6.84793e+07  6.04269e+07  5.19588e+07  4.62576e+07  3.80474e+07
  2.85959e+07  1.75936e+07  9.44234e+06  4.23580e+06  1.19837e+06     -370487.
 -1.00093e+06     -791819.  1.07376e+06  4.21612e+06  7.96455e+06  1.05030e+07
  1.13706e+07  1.22715e+07  1.23749e+07  1.15430e+07  9.69004e+06  6.56970e+06
  1.84186e+06 -4.91626e+06 -1.33738e+07 -2.20515e+07 -2.78084e+07 -3.46830e+07
 -4.39111e+07 -4.42749e+07 -2.56790e+07

      314622.      446158.      148497.     -499169.     -984650. -1.57307e+06
 -2.06252e+06 -2.30127e+06 -2.36037e+06 -2.38820e+06 -2.38484e+06 -2.46321e+06
 -2.46477e+06 -2.28964e+06 -2.07567e+06 -2.07025e+06 -2.00655e+06 -1.70399e+06
 -1.75543e+06 -1.61228e+06 -1.45910e+06 -1.43468e+06 -1.18201e+06     -758098.
     -591213.      9495.46      492214.      858164.  1.42647e+06  1.96626e+06
  2.27162e+06  1.46600e+06  1.34364e+06
      830839.      777802.      486524.     -189759.     -911943. -1.62540e+06
 -2.35477e+06 -2.61193e+06 -2.80977e+06 -2.82663e+06 -2.81980e+06 -2.84717e+06
 -2.72957e+06 -2.55313e+06 -2.47814e+06 -2.30386e+06 -2.30258e+06 -2.03197e+06
 -2.03956e+06 -1.87952e+06 -1.69439e+06 -1.56273e+06 -1.36476e+06     -872512.
     -656796.      33083.6      557997.  1.11306e+06  1.62876e+06  2.45728e+06
  2.64862e+06  1.67485e+06  1.62549e+06
  1.40992e+06  1.01926e+06      883529.      232237.     -726269. -1.70827e+06
 -2.43038e+06 -2.97828e+06 -3.17144e+06 -3.16360e+06 -3.23444e+06 -3.25242e+06
 -3.00148e+06 -2.86504e+06 -2.92862e+06 -2.60138e+06 -2.53936e+06 -2.47243e+06
 -2.42798e+06 -2.14671e+06 -2.11274e+06 -1.78402e+06 -1.65288e+06 -1.23371e+06
     -507537.      110355.      750772.  1.62337e+06  2.08383e+06  3.00635e+06
  3.09527e+06  1.81804e+06  1.87705e+06
  1.55433e+06  1.32187e+06  1.50024e+06      817837.     -143493. -1.42653e+06
 -2.52295e+06 -3.29583e+06 -3.46711e+06 -3.62335e+06 -3.67885e+06 -3.69724e+06
 -3.49656e+06 -3.33883e+06 -3.34451e+06 -3.08881e+06 -2.95448e+06 -2.81023e+06
 -2.76195e+06 -2.62917e+06 -2.54842e+06 -2.19144e+06 -2.08008e+06 -1.36691e+06
     -560842.      84850.7  1.12872e+06  2.20234e+06  2.90165e+06  3.54454e+06
  3.39054e+06  2.10718e+06  2.06818e+06
  2.10422e+06  1.96398e+06  2.37741e+06  1.62944e+06      680338.     -978752.
 -2.42967e+06 -3.59874e+06 -4.08700e+06 -4.18894e+06 -4.27633e+06 -4.16969e+06
 -4.06143e+06 -3.90198e+06 -3.83687e+06 -3.53274e+06 -3.52396e+06 -3.29145e+06
 -3.17657e+06 -3.16589e+06 -2.97902e+06 -2.63046e+06 -2.30603e+06 -1.65049e+06
     -735568.      203099.  1.56169e+06  2.72754e+06  3.63178e+06  4.04311e+06
  3.60526e+06  2.25203e+06  2.23986e+06
  3.23761e+06  2.64592e+06  3.30785e+06  3.06540e+06  1.99713e+06     -117286.
 -2.21664e+06 -3.83958e+06 -4.67221e+06 -4.90900e+06 -4.91614e+06 -4.83516e+06
 -4.75580e+06 -4.54792e+06 -4.52428e+06 -4.19398e+06 -4.17176e+06 -3.95673e+06
 -3.78664e+06 -3.74243e+06 -3.45139e+06 -3.16789e+06 -2.73246e+06 -2.14426e+06
     -843505.      200478.  1.66135e+06  3.33308e+06  4.28598e+06  4.58644e+06
  4.02397e+06  2.26311e+06  2.26998e+06
  4.13632e+06  3.68526e+06  4.53418e+06  5.18224e+06  3.86227e+06      917375.
 -1.80651e+06 -4.02618e+06 -5.33214e+06 -5.64667e+06 -5.82556e+06 -5.68440e+06
 -5.71767e+06 -5.54010e+06 -5.29686e+06 -5.16816e+06 -4.95688e+06 -4.77030e+06
 -4.73661e+06 -4.49655e+06 -4.15780e+06 -3.91459e+06 -3.45490e+06 -2.61190e+06
 -1.16572e+06      244.466  1.98274e+06  4.03988e+06  5.29704e+06  5.59138e+06
  4.27821e+06  2.22007e+06  2.36692e+06
  4.99686e+06  5.34964e+06  6.98329e+06  7.89100e+06  6.17899e+06  2.37131e+06
 -1.39075e+06 -4.38627e+06 -6.13055e+06 -6.47358e+06 -7.12129e+06 -6.80804e+06
 -6.86818e+06 -6.78151e+06 -6.39888e+06 -6.34743e+06 -6.17111e+06 -6.09323e+06
 -6.07133e+06 -5.64219e+06 -5.22875e+06 -4.94938e+06 -4.25569e+06 -3.22399e+06
 -1.72086e+06     -159111.  2.44467e+06  4.91845e+06  6.66619e+06  6.82378e+06
  4.42561e+06  2.19219e+06  2.70136e+06
  6.69067e+06  7.58861e+06  1.04930e+07  1.17057e+07  9.15262e+06  3.90454e+06
     -955672. -4.98950e+06 -7.25435e+06 -8.01610e+06 -8.63589e+06 -8.58099e+06
 -8.46686e+06 -8.46626e+06 -8.25006e+06 -8.15952e+06 -7.98556e+06 -7.88180e+06
 -7.65327e+06 -7.35489e+06 -6.91609e+06 -6.36045e+06 -5.32033e+06 -4.11881e+06
 -2.36389e+06     -459976.  2.55354e+06  5.87274e+06  8.26201e+06  8.10314e+06
  4.86305e+06  1.87699e+06  2.85748e+06
  9.93996e+06  1.14642e+07  1.53442e+07  1.69839e+07  1.27627e+07  5.42042e+06
     -915904. -6.19836e+06 -9.07945e+06 -1.02025e+07 -1.09406e+07 -1.09866e+07
 -1.10136e+07 -1.08162e+07 -1.06788e+07 -1.05978e+07 -1.03633e+07 -1.01335e+07
 -9.83324e+06 -9.73641e+06 -9.07943e+06 -8.30026e+06 -6.93627e+06 -5.53781e+06
 -3.47771e+06 -1.15281e+06  2.42557e+06  6.66591e+06  1.03578e+07  1.01917e+07
  5.76634e+06  1.73007e+06  3.16264e+06
  1.49495e+07  1.72695e+07  2.21468e+07  2.36738e+07  1.70876e+07  7.26040e+06
 -1.43420e+06 -7.89526e+06 -1.14533e+07 -1.28460e+07 -1.37899e+07 -1.39868e+07
 -1.40029e+07 -1.38100e+07 -1.33602e+07 -1.33678e+07 -1.32249e+07 -1.30570e+07
 -1.26671e+07 -1.26545e+07 -1.19539e+07 -1.08690e+07 -9.39686e+06 -7.64432e+06
 -5.43361e+06 -2.39658e+06  1.55867e+06  6.93542e+06  1.27490e+07  1.35424e+07
  7.44048e+06  1.82207e+06  3.57662e+06
  2.21331e+07  2.50503e+07  3.08435e+07  3.11208e+07  2.16562e+07  8.88878e+06
 -1.59405e+06 -9.27308e+06 -1.37235e+07 -1.54569e+07 -1.66190e+07 -1.68749e+07
 -1.67718e+07 -1.65193e+07 -1.61485e+07 -1.58390e+07 -1.59040e+07 -1.57056e+07
 -1.54465e+07 -1.54786e+07 -1.49271e+07 -1.37698e+07 -1.21113e+07 -1.03024e+07
 -8.30964e+06 -5.25102e+06 -1.40885e+06  4.88978e+06  1.32549e+07  1.74300e+07
  9.87130e+06  1.40494e+06  3.01046e+06
  3.02707e+07  3.35656e+07  3.88766e+07  3.75620e+07  2.46215e+07  9.88670e+06
 -1.87661e+06 -9.85847e+06 -1.46943e+07 -1.65421e+07 -1.80053e+07 -1.83178e+07
 -1.81750e+07 -1.78135e+07 -1.75960e+07 -1.74003e+07 -1.71198e+07 -1.68753e+07
 -1.70699e+07 -1.69578e+07 -1.66642e+07 -1.58287e+07 -1.47556e+07 -1.37598e+07
 -1.24548e+07 -1.04428e+07 -7.29334e+06 -1.42024e+06  9.34799e+06  1.82425e+07
  1.14886e+07      67750.9      624176.
  3.51577e+07  3.98675e+07  4.25601e+07  3.82588e+07  2.29900e+07  9.05775e+06
 -2.52360e+06 -9.56056e+06 -1.34435e+07 -1.52633e+07 -1.65018e+07 -1.68328e+07
 -1.69626e+07 -1.68514e+07 -1.65284e+07 -1.68815e+07 -1.64690e+07 -1.60974e+07
 -1.61964e+07 -1.59337e+07 -1.59981e+07 -1.60108e+07 -1.60851e+07 -1.62591e+07
 -1.58795e+07 -1.51809e+07 -1.35066e+07 -9.22428e+06      920864.  1.24541e+07
  8.70616e+06 -3.26953e+06 -3.59194e+06
  3.49509e+07  3.95453e+07  3.86583e+07  3.04088e+07  1.63485e+07  6.43126e+06
 -2.74819e+06 -8.10649e+06 -1.08209e+07 -1.19836e+07 -1.26484e+07 -1.28436e+07
 -1.31220e+07 -1.34581e+07 -1.34992e+07 -1.39350e+07 -1.41865e+07 -1.37246e+07
 -1.30720e+07 -1.28284e+07 -1.28508e+07 -1.33146e+07 -1.40622e+07 -1.48678e+07
 -1.54923e+07 -1.56902e+07 -1.60388e+07 -1.41171e+07 -7.56062e+06  2.21120e+06
  1.87923e+06 -6.79395e+06 -6.25933e+06
  2.68058e+07  2.88927e+07  2.57324e+07  1.67386e+07  8.00355e+06  3.18029e+06
 -2.92845e+06 -6.16205e+06 -7.83704e+06 -8.19593e+06 -8.03996e+06 -8.15821e+06
 -8.13770e+06 -8.74026e+06 -9.27406e+06 -9.45137e+06 -9.82897e+06 -9.61808e+06
 -8.96977e+06 -8.28431e+06 -8.54411e+06 -8.54880e+06 -9.32880e+06 -1.03803e+07
 -1.16081e+07 -1.27403e+07 -1.42620e+07 -1.46988e+07 -1.13056e+07 -5.75416e+06
 -4.20125e+06 -6.62876e+06 -4.62718e+06

     -302660. -1.11559e+06 -2.19960e+06 -3.10059e+06 -3.24503e+06 -3.21937e+06
 -2.57048e+06 -2.06865e+06 -1.45140e+06     -699461.     -470705.     -78972.6
      39010.5      171977.      276568.      84043.2     -42814.0     -330903.
     -464969.     -852412.     -980072. -1.56976e+06 -2.04175e+06 -2.74584e+06
 -3.35110e+06 -4.20667e+06 -4.86348e+06 -5.42336e+06 -5.44660e+06 -5.12736e+06
 -4.46789e+06 -2.46836e+06 -1.23812e+06
     -398613.     -774736. -2.29070e+06 -3.35608e+06 -3.67333e+06 -3.42771e+06
 -2.93630e+06 -2.47739e+06 -1.60763e+06     -820295.     -548411.     -93521.2
      40055.5      165809.      119552.      15208.1     -63405.1     -468679.
     -586254. -1.05498e+06 -1.31501e+06 -1.80078e+06 -2.39350e+06 -3.12499e+06
 -3.88050e+06 -4.83327e+06 -5.59750e+06 -6.24971e+06 -6.06055e+06 -5.85433e+06
 -4.66728e+06 -2.57079e+06 -1.46740e+06
      455.886     -715008. -2.43340e+06 -3.57041e+06 -4.05754e+06 -3.81394e+06
 -3.23399e+06 -2.65551e+06 -1.80325e+06     -981683.     -623178.     -207793.
     -10872.5      217008.      130246.     -38328.6     -214943.     -532607.
     -853299. -1.13667e+06 -1.60342e+06 -2.19662e+06 -2.76287e+06 -3.57553e+06
 -4.50710e+06 -5.46169e+06 -6.63191e+06 -7.23290e+06 -7.00814e+06 -6.18840e+06
 -4.94734e+06 -2.84462e+06 -1.58058e+06
      330423.     -395028. -2.31558e+06 -4.13557e+06 -4.31726e+06 -4.18312e+06
 -3.65317e+06 -2.95668e+06 -2.01451e+06 -1.22726e+06     -694177.     -235233.
     -31272.5      138144.      101589.      29620.5     -224115.     -548214.
     -955210. -1.29654e+06 -1.71616e+06 -2.45185e+06 -3.16166e+06 -4.05998e+06
 -5.13444e+06 -6.36515e+06 -7.65135e+06 -8.21974e+06 -7.81432e+06 -6.44219e+06
 -5.37740e+06 -2.88001e+06 -1.65159e+06
      718595.      750743. -2.31566e+06 -4.35440e+06 -4.67945e+06 -4.42881e+06
 -4.08899e+06 -3.43092e+06 -2.38425e+06 -1.41846e+06     -647807.     -423240.
      40009.1      6436.83     -53992.9     -118203.     -368000.     -681360.
 -1.09006e+06 -1.42555e+06 -1.93396e+06 -2.66237e+06 -3.58315e+06 -4.72736e+06
 -5.93136e+06 -7.64127e+06 -8.86212e+06 -9.19164e+06 -8.50458e+06 -7.04471e+06
 -5.37732e+06 -2.78828e+06 -1.55423e+06
  1.46944e+06  1.42759e+06 -2.39554e+06 -4.03773e+06 -4.87836e+06 -4.66115e+06
 -4.43551e+06 -3.78205e+06 -2.84622e+06 -1.67060e+06     -872867.     -615016.
     -178214.     -59694.7     -272307.     -420422.     -651567.     -995575.
 -1.45076e+06 -1.80833e+06 -2.32205e+06 -3.19474e+06 -4.13711e+06 -5.41527e+06
 -6.80107e+06 -8.94250e+06 -1.04547e+07 -1.02381e+07 -9.25586e+06 -7.46456e+06
 -5.23479e+06 -2.57601e+06 -1.16928e+06
  2.41132e+06  1.69270e+06 -1.88892e+06 -3.82577e+06 -5.07948e+06 -4.87157e+06
 -4.68902e+06 -4.04008e+06 -3.09113e+06 -1.73811e+06 -1.22613e+06     -750625.
     -610788.     -334228.     -431525.     -691640.     -790518. -1.35680e+06
 -1.75754e+06 -2.26597e+06 -2.86639e+06 -3.59232e+06 -4.58994e+06 -6.08120e+06
 -7.93119e+06 -1.04008e+07 -1.19727e+07 -1.17846e+07 -9.92381e+06 -7.64241e+06
 -5.04577e+06 -2.19005e+06     -648308.
  3.54224e+06  2.93781e+06     -979094. -3.35467e+06 -5.08035e+06 -5.08801e+06
 -4.79883e+06 -3.99394e+06 -2.94350e+06 -1.76416e+06 -1.46684e+06     -931475.
     -731274.     -601232.     -609555.     -794370.     -888463. -1.44910e+06
 -1.76990e+06 -2.41608e+06 -3.24466e+06 -4.02538e+06 -5.29090e+06 -6.86172e+06
 -9.34464e+06 -1.19947e+07 -1.33920e+07 -1.35975e+07 -1.11024e+07 -7.67230e+06
 -4.05465e+06 -1.41295e+06      48419.7
  5.37678e+06  5.22209e+06      412454. -2.46000e+06 -4.80278e+06 -5.05663e+06
 -4.54001e+06 -3.36081e+06 -2.46350e+06 -1.69986e+06 -1.33421e+06     -869981.
     -760753.     -816892.     -899292.     -667976. -1.08143e+06 -1.54733e+06
 -1.93702e+06 -2.54589e+06 -3.33216e+06 -4.36364e+06 -5.84253e+06 -7.63285e+06
 -1.02715e+07 -1.32823e+07 -1.49937e+07 -1.52574e+07 -1.22472e+07 -7.65933e+06
 -2.85949e+06      154558.  1.78993e+06
  9.07383e+06  8.59966e+06  2.61988e+06 -1.41985e+06 -4.38991e+06 -4.55502e+06
 -3.47868e+06 -2.11071e+06 -1.29548e+06     -946104.     -640220.     -555927.
     -812392.     -755566.     -672918.     -767572. -1.09242e+06 -1.55797e+06
 -1.96058e+06 -2.55239e+06 -3.24198e+06 -4.35566e+06 -5.76712e+06 -7.96831e+06
 -1.04943e+07 -1.38991e+07 -1.61938e+07 -1.69265e+07 -1.33180e+07 -7.04198e+06
     -956977.  2.71163e+06  4.07158e+06
  1.32212e+07  1.23869e+07  4.95381e+06     -734272. -4.15987e+06 -3.38733e+06
 -1.36799e+06      6211.48      989607.      753453.      442204.      198137.
     -247199.     -255439.     -239511.     -682262.     -797964. -1.34778e+06
 -1.61248e+06 -2.29981e+06 -2.95652e+06 -4.06807e+06 -5.23555e+06 -7.76666e+06
 -1.02189e+07 -1.35970e+07 -1.62727e+07 -1.78367e+07 -1.41534e+07 -5.81218e+06
  2.94616e+06  6.04122e+06  7.08440e+06
  1.70428e+07  1.57969e+07  6.59684e+06     -640770. -3.53558e+06 -1.16832e+06
  2.09465e+06  3.49528e+06  3.90880e+06  3.00374e+06  1.95236e+06  1.39915e+06
      950650.      535903.      219060.      106393.     -336073.     -811332.
 -1.28420e+06 -1.53041e+06 -2.28769e+06 -3.26396e+06 -4.34072e+06 -6.40682e+06
 -8.59105e+06 -1.16890e+07 -1.40862e+07 -1.58103e+07 -1.28704e+07 -3.85545e+06
  7.70188e+06  1.15874e+07  1.23112e+07
  2.09420e+07  1.87392e+07  7.25111e+06     -833582.     -988603.  2.66073e+06
  6.39884e+06  7.56617e+06  6.53133e+06  5.13451e+06  3.75862e+06  2.94564e+06
  2.25387e+06  1.58524e+06  1.07571e+06  1.05811e+06      243318.     -38844.0
     -532231.     -607431. -1.16623e+06 -1.67255e+06 -2.65622e+06 -3.81843e+06
 -4.65270e+06 -6.40570e+06 -7.81956e+06 -9.04692e+06 -7.14758e+06  1.07469e+06
  1.35023e+07  1.96973e+07  1.87418e+07
  2.20036e+07  1.95172e+07  7.56329e+06      67512.1  2.65726e+06  7.48750e+06
  1.02195e+07  1.03631e+07  8.26613e+06  6.45913e+06  4.83940e+06  3.85931e+06
  3.14611e+06  2.26375e+06  1.64637e+06  1.49062e+06      623560.      327768.
      345933.      251597.      220614.      229169.     -26706.1     -91878.9
      667764.  1.53677e+06  1.88718e+06  1.89209e+06  2.77706e+06  8.85665e+06
  2.04652e+07  2.74305e+07  2.41472e+07
  2.02903e+07  1.82302e+07  8.48651e+06  2.67277e+06  5.91724e+06  1.08887e+07
  1.22363e+07  1.10384e+07  8.22431e+06  6.00684e+06  4.48354e+06  3.41454e+06
  2.80819e+06  2.16013e+06  1.39925e+06      831700.      467943.      189747.
      530887.      883248.  1.43451e+06  1.47520e+06  1.97615e+06  3.15113e+06
  5.18794e+06  8.16319e+06  1.04422e+07  1.18256e+07  1.19275e+07  1.66171e+07
  2.56511e+07  3.06510e+07  2.53308e+07
  1.63068e+07  1.65053e+07  9.53682e+06  5.63948e+06  8.09520e+06  1.11788e+07
  1.18340e+07  9.76364e+06  6.53016e+06  4.24594e+06  3.02678e+06  2.26220e+06
  1.60430e+06  1.45806e+06      828417.     -66651.7     -31229.6     -173968.
     -29308.8      741866.  1.20032e+06  1.41268e+06  2.06942e+06  3.87907e+06
  6.74784e+06  1.06302e+07  1.36202e+07  1.57308e+07  1.58722e+07  1.94946e+07
  2.50339e+07  2.64153e+07  2.10679e+07

 -1.52726e+06 -2.07674e+06 -2.53517e+06 -2.92972e+06 -3.50386e+06 -3.38793e+06
 -3.28060e+06 -2.89016e+06 -2.27576e+06 -1.68715e+06 -1.12714e+06     -674187.
     -412207.     -303117.     -75959.4      3139.64      92968.8      15255.4
      211441.     -95156.3     -208930.     -535296.     -605754.     -804178.
     -948054.     -810047.     -594921.     -457304.     -69738.5      354577.
      680402.     -44185.9     -149608.
 -1.67875e+06 -2.12819e+06 -3.00641e+06 -3.54286e+06 -4.02656e+06 -3.86875e+06
 -3.94307e+06 -3.35999e+06 -2.79400e+06 -1.99779e+06 -1.38263e+06     -846573.
     -506589.     -287468.     -164759.     -114821.      137547.      137620.
      125898.     -161720.     -253057.     -670279.     -695746.     -952743.
     -915631.     -817621.     -433904.     -278043.      257192.      495051.
      962314.      226106.      16408.5
 -1.98557e+06 -2.42691e+06 -3.38535e+06 -4.12533e+06 -4.59711e+06 -4.71978e+06
 -4.57325e+06 -4.06543e+06 -3.17871e+06 -2.26741e+06 -1.51820e+06 -1.06900e+06
     -533242.     -417143.     -162562.      50859.1      107038.      148420.
     -136276.     -129520.     -330539.     -576661.     -721584. -1.00156e+06
     -917876.     -770529.     -393661.      125079.      801868.  1.14398e+06
  1.28967e+06      375353.      145063.
 -2.03980e+06 -2.60925e+06 -3.80850e+06 -4.60372e+06 -5.02506e+06 -5.62434e+06
 -5.45322e+06 -4.92362e+06 -3.82140e+06 -2.72390e+06 -1.61584e+06 -1.21195e+06
     -721773.     -532480.     -173709.      189550.      208783.      178984.
      40276.7     -129356.     -291834.     -620746.     -811753.     -969596.
     -920797.     -587017.     -188771.      839608.  1.32822e+06  1.76938e+06
  1.72290e+06      728201.      10568.2
 -1.98007e+06 -2.58910e+06 -3.83247e+06 -5.13706e+06 -5.77455e+06 -6.22361e+06
 -6.43960e+06 -5.72788e+06 -4.66071e+06 -3.28632e+06 -2.12930e+06 -1.36388e+06
     -888383.     -441494.     -202780.     -35935.2      131342.      65663.6
     -12764.3     -72056.6     -497989.     -830660.     -922327. -1.08967e+06
     -734906.     -330003.      280237.  1.42410e+06  1.98637e+06  1.96867e+06
  2.31985e+06  1.18786e+06      257184.
 -2.28960e+06 -2.45665e+06 -3.95810e+06 -5.36536e+06 -6.58061e+06 -7.27845e+06
 -7.39328e+06 -6.87869e+06 -5.92443e+06 -4.25104e+06 -2.78411e+06 -1.60119e+06
 -1.05826e+06     -513867.     -229544.     -97910.9      63376.5     -107099.
     -227915.     -175029.     -561312.     -922539. -1.05430e+06 -1.01971e+06
     -635981.     -250568.      749083.  1.96743e+06  2.68976e+06  2.76942e+06
  2.99719e+06  1.80243e+06      629546.
 -2.21580e+06 -2.51147e+06 -3.86368e+06 -5.32595e+06 -6.91210e+06 -8.30569e+06
 -8.66832e+06 -8.29799e+06 -7.24581e+06 -5.31594e+06 -3.50876e+06 -2.04360e+06
 -1.32538e+06     -664712.     -262854.     -84464.2     -54427.5     -105425.
     -176084.     -166351.     -500911.     -694100.     -807447.     -613404.
     -423210.      1530.40  1.51709e+06  2.82930e+06  3.83717e+06  4.15853e+06
  4.07448e+06  2.92045e+06  1.26068e+06
 -1.51421e+06 -1.87883e+06 -3.33242e+06 -5.10140e+06 -7.41629e+06 -9.32973e+06
 -1.01909e+07 -9.87709e+06 -8.47202e+06 -6.35023e+06 -4.25336e+06 -2.71594e+06
 -1.60428e+06     -708430.     -478973.     -158615.     -222100.     -183440.
     -30704.5     -87017.5     -357793.     -230402.     -247000.     -199325.
      186633.      675827.  2.66774e+06  3.99996e+06  5.08863e+06  5.53456e+06
  5.34541e+06  3.73449e+06  1.84906e+06
     -391431.     -47685.1 -2.13394e+06 -4.68367e+06 -8.22758e+06 -1.09893e+07
 -1.20739e+07 -1.14841e+07 -1.00554e+07 -7.68287e+06 -5.06889e+06 -3.36582e+06
 -1.87664e+06 -1.03799e+06     -596103.     -234012.     -194143.     -151822.
      267162.      70340.7      248900.      405089.      508748.      667050.
  1.09967e+06  2.20542e+06  3.72157e+06  5.26288e+06  6.55002e+06  7.32531e+06
  7.28569e+06  4.48033e+06  2.86917e+06
  1.21789e+06  1.99393e+06     -23206.5 -4.46325e+06 -9.42026e+06 -1.28273e+07
 -1.40656e+07 -1.33710e+07 -1.17719e+07 -8.70067e+06 -5.80715e+06 -3.76039e+06
 -1.97061e+06 -1.31269e+06     -513452.     -244340.     -100251.      261457.
      745056.      836367.  1.26437e+06  1.63230e+06  1.73306e+06  2.02189e+06
  2.31900e+06  3.91550e+06  5.15245e+06  7.15415e+06  8.25668e+06  9.31305e+06
  9.85843e+06  6.36526e+06  4.30448e+06
  3.33746e+06  4.76734e+06  2.09443e+06 -4.50350e+06 -1.06230e+07 -1.46812e+07
 -1.57763e+07 -1.48163e+07 -1.24547e+07 -9.21320e+06 -6.07284e+06 -3.59102e+06
 -2.00861e+06 -1.05758e+06     -323970.      258291.      553596.  1.08268e+06
  1.62307e+06  2.16837e+06  2.42849e+06  3.02879e+06  3.17239e+06  3.61415e+06
  4.44558e+06  5.79075e+06  7.36460e+06  9.31021e+06  1.02668e+07  1.09946e+07
  1.21569e+07  9.06545e+06  5.36130e+06
  5.82245e+06  8.17156e+06  3.94067e+06 -4.26098e+06 -1.12615e+07 -1.61217e+07
 -1.62176e+07 -1.44625e+07 -1.17990e+07 -8.48357e+06 -5.33448e+06 -2.90560e+06
 -1.58551e+06     -260646.      721898.  1.34569e+06  1.66485e+06  2.43203e+06
  2.94656e+06  3.50661e+06  3.80039e+06  4.39664e+06  4.76614e+06  5.60999e+06
  7.28690e+06  8.11138e+06  9.12150e+06  1.01865e+07  1.08483e+07  1.21142e+07
  1.41855e+07  1.13842e+07  6.66738e+06
  9.06489e+06  1.13874e+07  5.67956e+06 -3.68154e+06 -1.10507e+07 -1.54319e+07
 -1.45565e+07 -1.20657e+07 -9.82804e+06 -6.42173e+06 -3.73214e+06 -1.87188e+06
     -400595.  1.06093e+06  2.11792e+06  2.49963e+06  3.14276e+06  3.86019e+06
  4.44926e+06  4.72594e+06  5.02071e+06  5.71447e+06  6.20275e+06  7.28046e+06
  9.02113e+06  9.81109e+06  9.07596e+06  8.70186e+06  8.73552e+06  1.13873e+07
  1.45788e+07  1.28017e+07  7.93223e+06
  1.18185e+07  1.40784e+07  7.47251e+06 -2.83024e+06 -9.49919e+06 -1.18655e+07
 -1.06483e+07 -8.39036e+06 -5.98265e+06 -3.57295e+06 -1.79529e+06     -747072.
      698449.  1.96088e+06  2.95969e+06  3.59496e+06  4.67350e+06  5.06739e+06
  5.44708e+06  5.37397e+06  5.58271e+06  6.15153e+06  6.48645e+06  7.39810e+06
  8.38441e+06  8.65817e+06  6.75729e+06  4.81794e+06  3.87008e+06  8.40723e+06
  1.27863e+07  1.26360e+07  8.10105e+06
  1.33591e+07  1.44416e+07  9.05186e+06     -808522. -6.00096e+06 -5.93183e+06
 -4.99091e+06 -3.76018e+06 -2.09215e+06     -901217.     -150463.      326503.
  1.18072e+06  2.09755e+06  2.98833e+06  3.96878e+06  5.04810e+06  5.30833e+06
  5.17961e+06  4.88987e+06  4.93672e+06  5.02583e+06  5.27903e+06  5.25121e+06
  5.33096e+06  4.94452e+06  2.80761e+06      2735.07 -1.78473e+06  2.71400e+06
  8.84490e+06  1.04558e+07  7.51467e+06
  1.37744e+07  1.24939e+07  7.53366e+06  1.31306e+06 -1.59992e+06     -189174.
      137513.      524960.      412972.      377088.      824169.  1.15655e+06
  1.37633e+06  1.64690e+06  1.98329e+06  2.87411e+06  3.87888e+06  3.99244e+06
  3.74317e+06  3.79913e+06  3.48476e+06  3.11324e+06  3.18694e+06  2.46018e+06
  1.73249e+06  1.26126e+06     -985498. -4.13847e+06 -6.07281e+06 -3.73988e+06
  3.44504e+06  6.56588e+06  5.34647e+06

     -355561.     -575353.     -349060.      245487.      852879.  1.21763e+06
  1.35605e+06  1.47556e+06  1.39400e+06  1.13356e+06  1.08495e+06      866514.
      823971.      692396.      721944.      449541.      396570.      246535.
      187936.      126774.      163179.      199562.      164621.      50949.1
     -25579.0     -291338.     -318826.     -505510.     -518757.     -535980.
     -391251.      180538.     -148459.
     -735764.     -757612.     -358528.      145630.      857170.  1.30043e+06
  1.55024e+06  1.55990e+06  1.47872e+06  1.32302e+06  1.22323e+06  1.05218e+06
      859199.      769432.      696977.      546244.      407869.      235861.
      322409.      164585.      202908.      274039.      101772.      2083.30
     -87069.2     -376522.     -490551.     -568508.     -634447.     -658964.
     -510403.     -132276.     -262007.
     -781223.     -743266.     -636755.      54753.1      676854.  1.17501e+06
  1.59866e+06  1.58018e+06  1.75265e+06  1.51623e+06  1.29506e+06  1.20594e+06
      917055.      768442.      615335.      545577.      383910.      279640.
      323445.      306141.      227474.      215250.      29643.2     -96239.4
     -277161.     -531031.     -788055.     -754007.     -958035.     -757009.
     -625011.     -222055.     -408806.
     -945202.     -944919.     -932670.     -5151.57      472196.  1.04893e+06
  1.44915e+06  1.58985e+06  1.81760e+06  1.58600e+06  1.32064e+06  1.17256e+06
  1.02976e+06      780426.      663011.      539178.      385725.      222912.
      114269.      254706.      89430.3      40837.7     -114845.     -157130.
     -475166.     -824421.     -930572. -1.00554e+06 -1.07284e+06 -1.11801e+06
     -312900.     -401034.     -468518.
 -1.05820e+06 -1.38914e+06 -1.10655e+06     -391732.      144344.      944084.
  1.25142e+06  1.53383e+06  1.58986e+06  1.53613e+06  1.46786e+06  1.27289e+06
      870765.      853191.      690060.      563496.      365095.      191438.
      41542.1      138882.     -30576.3     -41955.9     -166827.     -301930.
     -585320.     -943798. -1.07773e+06 -1.38713e+06 -1.49855e+06 -1.32728e+06
     -453244.     -711134.     -934144.
 -1.35692e+06 -1.68139e+06 -1.52659e+06     -957235.     -427782.      644116.
      964606.  1.26855e+06  1.37394e+06  1.56803e+06  1.56671e+06  1.27524e+06
      833297.      839588.      638408.      484889.      266742.      165129.
     -33734.2      55648.4     -126261.     -60938.3     -78707.6     -536055.
     -919713. -1.08596e+06 -1.54748e+06 -1.96804e+06 -2.17221e+06 -1.66882e+06
     -688280. -1.18457e+06 -1.55075e+06
 -1.70952e+06 -1.82382e+06 -2.14211e+06 -1.70984e+06 -1.28553e+06     -103698.
      470061.  1.09537e+06  1.07714e+06  1.39169e+06  1.42035e+06  1.08193e+06
      863961.      586250.      543859.      367610.      119452.      57939.5
     -110320.     -83010.4     -186756.     -214657.     -349225.     -843056.
 -1.38934e+06 -1.46447e+06 -2.00012e+06 -2.44734e+06 -2.75694e+06 -2.03288e+06
     -449710. -1.66182e+06 -2.15392e+06
 -1.92517e+06 -2.32290e+06 -2.72002e+06 -2.64331e+06 -2.10154e+06 -1.18170e+06
     -281572.      512016.      610820.      780681.  1.08379e+06      862788.
      703145.      201456.      257183.      144933.     -32250.6     -234963.
     -274312.     -421360.     -411450.     -524207.     -826238. -1.19839e+06
 -1.63520e+06 -1.87608e+06 -2.44696e+06 -2.75861e+06 -3.19248e+06 -2.54715e+06
     -126733. -2.41283e+06 -3.61441e+06
 -1.77492e+06 -2.52731e+06 -3.78602e+06 -3.67851e+06 -3.26964e+06 -2.20618e+06
     -998950.     -470682.     -169246.      128600.      294226.      435566.
      313872.     -139437.     -118743.     -250665.     -327773.     -673095.
     -703916.     -917760.     -947598.     -910364. -1.22487e+06 -1.73255e+06
 -1.92702e+06 -2.23217e+06 -2.79325e+06 -2.87526e+06 -3.49836e+06 -2.89644e+06
     -182312. -3.86695e+06 -5.74639e+06
 -1.81182e+06 -3.31397e+06 -5.19299e+06 -4.96952e+06 -4.46440e+06 -3.14576e+06
 -2.05710e+06 -1.43348e+06 -1.08464e+06     -700268.     -445781.     -306485.
     -361124.     -515486.     -588818.     -617182.     -719163. -1.19728e+06
 -1.53651e+06 -1.73811e+06 -1.76740e+06 -1.70858e+06 -1.70722e+06 -1.99814e+06
 -2.16880e+06 -2.11298e+06 -2.41624e+06 -2.66270e+06 -3.74037e+06 -3.90230e+06
     -882058. -6.37441e+06 -9.01629e+06
 -2.10129e+06 -4.14733e+06 -5.91657e+06 -6.09905e+06 -5.04926e+06 -3.82912e+06
 -3.07964e+06 -2.45250e+06 -1.95262e+06 -1.70357e+06 -1.33310e+06 -1.21063e+06
 -1.22261e+06 -1.24832e+06 -1.27052e+06 -1.17808e+06 -1.48720e+06 -1.94212e+06
 -2.51607e+06 -2.66087e+06 -2.74719e+06 -2.52543e+06 -2.31220e+06 -1.75046e+06
 -1.37800e+06     -100151.      489857.      427937. -2.66970e+06 -5.13263e+06
 -2.69460e+06 -9.83745e+06 -1.42021e+07
 -1.25080e+06 -3.88347e+06 -6.33282e+06 -6.70454e+06 -5.17357e+06 -3.95806e+06
 -3.25053e+06 -2.89835e+06 -2.86116e+06 -2.51950e+06 -2.44708e+06 -2.39971e+06
 -2.11289e+06 -2.17614e+06 -2.17261e+06 -1.88134e+06 -2.48535e+06 -2.89404e+06
 -3.32045e+06 -3.41201e+06 -3.19461e+06 -2.76118e+06 -2.15996e+06     -685312.
  1.52081e+06  4.74206e+06  7.64742e+06  8.07693e+06  1.83350e+06 -5.22506e+06
 -6.37430e+06 -1.43508e+07 -1.94824e+07
      722054. -2.51537e+06 -5.88539e+06 -5.66538e+06 -3.74750e+06 -2.13501e+06
 -2.05417e+06 -2.51088e+06 -3.37158e+06 -3.38788e+06 -3.40873e+06 -3.17877e+06
 -3.01221e+06 -2.70025e+06 -2.56715e+06 -2.56935e+06 -3.38297e+06 -4.11400e+06
 -4.39999e+06 -4.23589e+06 -3.40443e+06 -2.44018e+06 -1.05548e+06  1.60788e+06
  5.96469e+06  1.11905e+07  1.63696e+07  1.71645e+07  8.29326e+06 -4.61728e+06
 -1.06437e+07 -1.88657e+07 -2.28158e+07
  3.79604e+06     -230664. -3.25342e+06 -2.87353e+06     -484142.  1.55644e+06
      616656. -1.07450e+06 -2.79162e+06 -3.62111e+06 -3.77313e+06 -3.36833e+06
 -3.45459e+06 -2.90990e+06 -2.90616e+06 -3.32223e+06 -4.17346e+06 -5.04516e+06
 -5.17504e+06 -4.67251e+06 -3.38569e+06 -1.65867e+06      565402.  4.23994e+06
  9.54620e+06  1.55107e+07  2.11630e+07  2.18319e+07  1.15931e+07 -3.61191e+06
 -1.29367e+07 -2.05877e+07 -2.33750e+07
  6.48678e+06  2.41139e+06     -422648.     -504150.  2.46394e+06  4.50066e+06
  3.11159e+06  1.08652e+06     -886192. -2.14283e+06 -2.46640e+06 -2.77059e+06
 -2.91201e+06 -3.05660e+06 -3.45404e+06 -4.11657e+06 -4.47070e+06 -4.75314e+06
 -4.65109e+06 -4.13134e+06 -2.86652e+06     -998246.  1.45455e+06  5.30065e+06
  9.96962e+06  1.49666e+07  2.01063e+07  2.04083e+07  9.95327e+06 -2.62625e+06
 -1.11876e+07 -1.85916e+07 -2.07164e+07
  1.09121e+07  7.50478e+06  5.19581e+06  4.29270e+06  5.41331e+06  6.00710e+06
  4.60820e+06  3.13912e+06  1.47101e+06      225919.     -423275. -1.46786e+06
 -2.10593e+06 -3.21334e+06 -3.60424e+06 -4.25170e+06 -4.24008e+06 -3.84448e+06
 -3.52078e+06 -3.01291e+06 -2.17958e+06     -825190.  1.20522e+06  4.16490e+06
  7.90774e+06  1.17763e+07  1.65987e+07  1.68935e+07  7.61812e+06     -791689.
 -5.87502e+06 -1.46584e+07 -1.62440e+07

  1.96674e+06  1.94699e+06  1.43990e+06  1.00920e+06      532010.      483206.
      429661.      388385.      343477.      433509.      436593.      422551.
      305959.      176563.      178176.     -9081.29     -244241.     -486111.
     -709240.     -938505. -1.32746e+06 -1.68823e+06 -2.08569e+06 -2.60544e+06
 -3.02135e+06 -3.06874e+06 -3.02528e+06 -2.77014e+06 -1.99531e+06 -1.06818e+06
     -298454.      882911.      685382.
  2.36242e+06  2.47472e+06  1.64484e+06  1.01587e+06      526817.      476081.
      486747.      502848.      497084.      478632.      504066.      465736.
      371727.      205203.      139282.     -38294.6     -293492.     -641993.
     -909038. -1.25499e+06 -1.60434e+06 -1.99432e+06 -2.43290e+06 -2.87988e+06
 -3.40293e+06 -3.57412e+06 -3.39985e+06 -2.87491e+06 -1.89833e+06     -739173.
      148194.  1.08699e+06      948276.
  2.69011e+06  2.99516e+06  2.06590e+06  1.13198e+06      554319.      511135.
      456508.      492537.      560509.      562572.      590831.      497326.
      521263.      291438.      82881.2     -90060.1     -355146.     -775399.
 -1.11816e+06 -1.37548e+06 -1.68778e+06 -2.21781e+06 -2.66059e+06 -3.14951e+06
 -3.60176e+06 -3.92400e+06 -3.61465e+06 -2.84631e+06 -1.59764e+06     -158881.
      932322.  1.63398e+06      998401.
  3.20461e+06  3.79798e+06  2.41895e+06  1.14833e+06      544344.      463414.
      361673.      500837.      448495.      606096.      569326.      636554.
      590117.      279266.      38451.9     -6703.16     -418991.     -844339.
 -1.13399e+06 -1.59279e+06 -1.83948e+06 -2.37397e+06 -2.91977e+06 -3.46190e+06
 -3.82444e+06 -4.01419e+06 -3.56921e+06 -2.50182e+06 -1.08816e+06      542414.
  1.98511e+06  2.26008e+06  1.15114e+06
  3.90106e+06  5.05258e+06  2.84231e+06  1.25897e+06      514132.      297679.
      72995.5      429162.      383213.      756499.      593790.      734632.
      550598.      285830.      171941.      30341.9     -466593.     -958135.
 -1.25559e+06 -1.79588e+06 -2.08832e+06 -2.44786e+06 -2.99527e+06 -3.73245e+06
 -4.08391e+06 -4.14989e+06 -3.58067e+06 -2.21142e+06     -248895.  1.56251e+06
  3.04025e+06  3.05404e+06  1.69834e+06
  4.78449e+06  5.97042e+06  3.68555e+06  1.48156e+06      293520.     -111927.
     -260242.     -285.919      313800.      734232.      632098.      821340.
      590457.      366834.      320598.      99078.5     -382679. -1.10759e+06
 -1.44924e+06 -1.86329e+06 -2.22743e+06 -2.48486e+06 -3.13422e+06 -3.82020e+06
 -4.09414e+06 -4.27995e+06 -3.53768e+06 -1.83484e+06      616354.  2.97860e+06
  4.41017e+06  3.95670e+06  1.98779e+06
  6.26754e+06  6.65602e+06  4.33902e+06  1.62146e+06     -44493.4     -558302.
     -575305.     -357863.      308661.      650154.      765252.  1.03052e+06
      858986.      554237.      474987.      58161.2     -322549. -1.02086e+06
 -1.39191e+06 -1.77958e+06 -2.26128e+06 -2.52724e+06 -3.20427e+06 -3.67120e+06
 -3.93978e+06 -4.11791e+06 -3.37021e+06 -1.29568e+06  1.68582e+06  4.48569e+06
  6.41100e+06  5.38136e+06  2.31617e+06
  7.68696e+06  8.33184e+06  4.93477e+06  2.04708e+06     -168735.     -905105.
     -858669.     -587243.      396487.      860500.  1.08482e+06  1.25958e+06
  1.22152e+06      998403.      567316.      130756.     -215482.     -749184.
 -1.26967e+06 -1.76488e+06 -2.16462e+06 -2.46316e+06 -2.89641e+06 -3.29544e+06
 -3.67473e+06 -3.74949e+06 -2.72502e+06     -472219.  2.96415e+06  6.31962e+06
  8.98515e+06  6.92052e+06  2.82232e+06
  9.14971e+06  1.05799e+07  6.17788e+06  2.51657e+06     -272645. -1.14504e+06
 -1.07517e+06     -635276.      700129.  1.19828e+06  1.55739e+06  1.68512e+06
  1.59364e+06  1.31096e+06      800103.      493384.      1716.48     -569823.
     -937777. -1.39400e+06 -1.71131e+06 -2.10037e+06 -2.35208e+06 -2.73237e+06
 -3.04244e+06 -2.95924e+06 -1.95275e+06      427326.  3.99468e+06  8.29622e+06
  1.15219e+07  9.11627e+06  3.41857e+06
  1.15682e+07  1.31117e+07  7.71943e+06  2.74996e+06     -86507.2     -753389.
     -697999.      128520.  1.37172e+06  1.85053e+06  2.28448e+06  2.37457e+06
  2.24097e+06  1.81127e+06  1.28051e+06  1.06337e+06      517685.     -241027.
     -524019.     -788820. -1.13882e+06 -1.55031e+06 -1.57744e+06 -1.94312e+06
 -1.75043e+06 -1.41748e+06     -620784.  1.51632e+06  4.13534e+06  9.45572e+06
  1.34823e+07  1.08823e+07  3.61311e+06
  1.45428e+07  1.50391e+07  9.09056e+06  3.05812e+06      386991.      42077.7
      435309.  1.64055e+06  2.41413e+06  3.00094e+06  3.40945e+06  3.40014e+06
  3.12049e+06  2.61750e+06  2.02544e+06  1.65140e+06      991350.      405052.
     -90632.9     -311490.     -737385.     -898819.     -837139.     -833322.
     -77321.5      730292.  1.83151e+06  3.10029e+06  3.90998e+06  8.53728e+06
  1.32050e+07  1.05370e+07  2.90415e+06
  1.70057e+07  1.69396e+07  1.09688e+07  3.53766e+06      877255.  1.31645e+06
  1.98021e+06  3.17083e+06  3.85270e+06  4.01558e+06  4.39986e+06  4.27037e+06
  3.89377e+06  3.13412e+06  2.64006e+06  2.01915e+06  1.38481e+06      740451.
      236332.      34421.8     -311847.     -352491.     -225370.      181759.
  1.67886e+06  3.07113e+06  4.34755e+06  3.91358e+06  2.02668e+06  3.51713e+06
  8.78579e+06  7.90475e+06  1.43688e+06
  1.71688e+07  1.79085e+07  1.09661e+07  2.85663e+06  1.05637e+06  2.35112e+06
  3.08810e+06  3.89137e+06  4.78037e+06  4.52218e+06  4.69619e+06  4.52924e+06
  4.14261e+06  3.45049e+06  2.76301e+06  2.10667e+06  1.15244e+06      258778.
     -302494.     -505145.     -425195.     -422788.      110235.      746995.
  2.85260e+06  4.68350e+06  5.40030e+06  2.14213e+06 -5.01318e+06 -6.86269e+06
 -1.10393e+06  1.16704e+06 -1.62063e+06
  1.32661e+07  1.42132e+07  5.39118e+06     -700843.     -309200.  1.70797e+06
  2.68635e+06  3.56157e+06  3.85814e+06  3.65831e+06  3.92852e+06  4.14521e+06
  3.76994e+06  3.48543e+06  2.88039e+06  1.90194e+06      87842.4 -1.12917e+06
 -2.03023e+06 -2.13470e+06 -1.75629e+06 -1.03899e+06      126796.  1.43334e+06
  3.01463e+06  4.61806e+06  4.13778e+06 -1.75129e+06 -1.47433e+07 -2.03286e+07
 -1.30447e+07 -6.75228e+06 -6.32604e+06
  5.95277e+06  5.14067e+06 -3.32340e+06 -6.36090e+06 -3.79648e+06     -849215.
      764474.  2.10717e+06  1.90384e+06  1.88461e+06  2.36398e+06  2.87286e+06
  3.21986e+06  3.20186e+06  2.48539e+06  1.04785e+06 -1.16747e+06 -2.65221e+06
 -3.50528e+06 -3.39577e+06 -2.58559e+06 -1.43852e+06      19936.6  1.89627e+06
  2.88591e+06  3.81291e+06  2.27379e+06 -4.27806e+06 -1.99716e+07 -2.90218e+07
 -2.11940e+07 -1.14786e+07 -8.99681e+06
      369628. -1.25217e+06 -9.09092e+06 -9.54242e+06 -5.59738e+06 -3.06268e+06
 -1.42819e+06     -172434.      325004.      756358.      918808.  1.41905e+06
  2.50239e+06  2.37417e+06  1.58762e+06      65281.3 -1.95024e+06 -3.03753e+06
 -3.45954e+06 -3.26762e+06 -2.73896e+06 -1.57216e+06     -356290.  1.40467e+06
  2.69247e+06  3.60296e+06  2.53705e+06 -2.92316e+06 -1.70047e+07 -2.63284e+07
 -1.96534e+07 -1.01553e+07 -7.84423e+06
